     1  4.96894115E-25 -6.30788809E-08 -6.30788809E-08
     2  1.98757646E-24 -6.30788809E-08 -6.30788809E-08
     3  4.47204704E-24 -6.30788809E-08 -6.30788809E-08
     4  7.95030584E-24 -6.30788809E-08 -6.30788809E-08
     5  1.24223529E-23 -6.30788809E-08 -6.30788809E-08
     6  1.78881881E-23 -6.30788809E-08 -6.30788809E-08
     7  2.43478116E-23 -6.30788809E-08 -6.30788809E-08
     8  3.18012234E-23 -6.30788809E-08 -6.30788809E-08
     9  4.02484306E-23 -6.30788809E-08 -6.30788809E-08
    10  4.96991126E-23 -6.30788809E-08 -6.30788809E-08
    11  7.30503648E-23 -6.30788809E-08 -6.30788809E-08
    12  1.72954582E-20 -6.30788809E-08 -6.30788809E-08
    13  2.29511827E-17 -6.30788809E-08 -6.30788808E-08
    14  3.05833441E-14 -6.30788809E-08 -6.30788503E-08
    15  4.07544912E-11 -6.30788809E-08 -6.30381264E-08
    16  5.43093255E-08 -6.30788809E-08 -8.76955532E-09
    17  5.20243844E-04 -6.30788809E-08  5.20180765E-04
    18  6.93299896E-01 -6.30788809E-08  6.93299833E-01
    19  6.93226895E-01 -6.30788809E-08  6.93226832E-01
    20  9.23950387E+02 -6.30788809E-08  9.23950387E+02
    21  9.23865827E+02 -6.30788809E-08  9.23865827E+02
    22  1.23136788E+06 -6.30788806E-08  1.23136788E+06
    23  1.23127011E+06 -6.30788802E-08  1.23127011E+06
    24  1.64111142E+09 -6.30784692E-08  1.64111142E+09
    25  1.64100561E+09 -6.30780362E-08  1.64100561E+09
    26  2.19325226E+12 -6.25332976E-08  2.19325226E+12
    27  2.20580472E+12 -6.19663960E-08  2.20580472E+12
    28  1.37263064E+16 -5.44243793E-10  1.37263064E+16
    29  1.20975258E+17 -9.07062097E-11  1.20975258E+17
    30  3.71252034E+24 -4.45455398E-21  3.71252034E+24
    31  7.41289719E+44 -2.25464847E-46  7.41289719E+44
    32  7.98978412E+93 -2.83218420-107  7.98978412E+93
    33  2.79252526+226 -2.26193589-254  2.79252526+226
